SNP	CHR	POS	est	stderr	pval
chr1:241241361:A:T	1	241241361	1.02911682074048	0.449417096422891	0.022027551405477
chr1:195541479:C:G	1	195541479	0.636098132797455	0.289363190210183	0.0279299416548521
chr1:165250987:T:G	1	165250987	0.672391434040407	0.339368556946283	0.0475574712511665
chr1:235086422:C:T	1	235086422	-0.562262564430281	0.289974473220826	0.0525004727695375
chr1:105600504:G:T	1	105600504	0.588192829792546	0.31664331640239	0.0632275416880054
chr1:193474027:G:A	1	193474027	0.583678881873768	0.325446249687926	0.0728974124429804
chr1:1423343:G:T	1	1423343	-0.747805353385533	0.464310399198834	0.107273028928885
chr1:195890547:C:T	1	195890547	0.526202765408117	0.333740373986993	0.114868489928731
chr1:20325961:G:A	1	20325961	0.540754602827403	0.349960889681478	0.122301324252327
chr1:30015493:T:C	1	30015493	0.459689474152505	0.298288262481912	0.123294544165854
