SNP	SCORE	VAR	PVAL
chr1:1119172:G:A	-1.28953	3.62478	0.498206
chr1:1423343:G:T	-3.46874	4.63856	0.107273
chr1:3522693:A:G	2.18819	4.6194	0.308628
chr1:3578156:G:A	-1.06915	5.90185	0.659871
chr1:7555849:G:A	-2.96455	11.698	0.386069
chr1:7656708:C:T	-1.04574	11.7784	0.760589
chr1:13976665:A:G	1.06915	13.2046	0.768588
chr1:14998146:C:T	0.0712684	3.0314	0.967349
chr1:16141429:G:T	1.69585	13.6327	0.646018
chr1:17339644:G:A	-2.11002	5.62453	0.373628
chr1:19097071:T:C	-2.25328	11.6458	0.509072
chr1:19460628:G:T	0.792213	8.81872	0.789645
chr1:20325961:G:A	4.41531	8.16509	0.122302
chr1:22167765:A:G	1.43104	7.49189	0.601097
chr1:30015493:T:C	5.16645	11.239	0.123295
chr1:37446788:C:T	0.711075	10.8847	0.829354
chr1:39880101:G:A	1.06058	7.70642	0.702425
chr1:47010925:C:A	3.84548	9.75415	0.218219
chr1:47759624:A:G	-0.0432641	13.2289	0.990509
chr1:53529308:C:T	0.297401	2.64011	0.854771
chr1:53803200:C:G	-1.65119	7.59696	0.549128
chr1:55860667:T:C	-1.72743	6.87748	0.51009
chr1:58422155:C:T	3.70015	9.31381	0.225349
chr1:60929432:C:T	2.53025	11.209	0.449797
chr1:61543250:G:A	-1.08415	11.8415	0.752721
chr1:62531865:A:G	-1.45723	2.02533	0.305856
chr1:62804887:A:C	2.28868	6.40161	0.365696
chr1:63986687:A:G	1.29108	7.45618	0.636342
chr1:69821719:C:A	-3.15642	10.9252	0.339604
chr1:72386700:G:A	0.561752	3.7772	0.77255
chr1:76159454:T:C	-0.457763	6.86208	0.861277
chr1:85262005:C:T	-1.23884	2.70288	0.451128
chr1:91160584:G:A	-3.07794	11.9109	0.372477
chr1:91817503:T:C	-1.73433	11.4804	0.608748
chr1:99610221:A:T	-5.11123	12.0537	0.140968
chr1:101377382:T:C	2.95128	9.70481	0.343453
chr1:102216024:A:G	4.2303	10.1828	0.184946
chr1:103197038:T:C	-2.27047	5.19774	0.319306
chr1:105600504:G:T	5.8665	9.97377	0.0632274
chr1:116729807:A:G	-2.82073	10.0445	0.373456
chr1:147504327:C:T	-3.32104	7.10017	0.212637
chr1:151785367:G:A	1.29826	4.63515	0.546497
chr1:153350743:T:G	1.13161	3.57449	0.549484
chr1:160512729:G:A	0.480935	8.92753	0.872124
chr1:161251787:C:A	3.50085	5.83369	0.147213
chr1:165250987:T:G	5.8382	8.68274	0.0475576
chr1:168766329:A:T	-3.40614	10.3964	0.290794
chr1:173755709:T:C	0.44183	1.15079	0.680438
chr1:175292296:G:T	-3.39707	6.81598	0.193194
chr1:178260093:C:T	1.33474	4.82983	0.543627
chr1:178697199:A:G	0.101738	1.58209	0.935533
chr1:179787504:C:T	-1.57818	9.485	0.608347
chr1:182299075:G:A	1.61959	3.51778	0.387853
chr1:183111880:G:C	-1.71275	11.4611	0.612912
chr1:186252898:G:A	-2.96434	13.1072	0.412906
chr1:187303887:T:C	-2.06403	9.11786	0.494259
chr1:188252978:A:G	2.5212	7.89778	0.369649
chr1:192014728:A:C	-0.521071	11.198	0.876259
chr1:193474027:G:A	5.51081	9.44151	0.0728977
chr1:195541479:C:G	7.59692	11.943	0.02793
chr1:195890547:C:T	4.72428	8.97806	0.114869
chr1:196036941:C:T	1.20612	10.8501	0.714243
chr1:196410185:C:T	1.68332	3.82404	0.389345
chr1:199346203:A:G	-1.89018	3.72981	0.327716
chr1:199581768:G:A	-2.63916	11.2836	0.43206
chr1:201310712:C:G	-0.472452	4.83489	0.829873
chr1:204449761:C:T	0.868893	7.56297	0.752039
chr1:216553519:C:T	-1.10739	3.79162	0.569556
chr1:217097772:T:A	1.02594	7.24005	0.70299
chr1:219062760:A:G	2.04579	11.6373	0.548704
chr1:220705910:C:T	-0.558469	10.3567	0.862231
chr1:235086422:C:T	-6.68682	11.8927	0.0525001
chr1:238505302:C:T	2.97904	3.80596	0.126757
chr1:241241361:A:T	5.09525	4.95109	0.0220276
chr1:243383652:A:C	3.19155	5.35446	0.167816
chr1:246107211:T:C	2.61258	9.21483	0.389432
