SNP	SCORE	VAR	PVAL
chr1.1119172.G.A	593.628305779547	352394.567623346	0.317310509373984
chr1.1423343.G.T	79.0735104629598	6252.62003951278	0.317310507188658
chr1.3522693.A.G	2.24030002982302	5.01894422361437	0.317310507862401
chr1.3578156.G.A	2.46922188642643	6.0970567244027	0.317310507862731
chr1.7555849.G.A	-2.88325269721642	8.3131461161666	0.317310507867595
chr1.7656708.C.T	3.69109904512557	13.6242121610157	0.31731050786449
chr1.13976665.A.G	-4.11384142037758	16.9236912324592	0.317310507869276
chr1.14998146.C.T	-0.860359263544162	0.74021806236149	0.317310507861357
chr1.16141429.G.T	2.20865231666734	4.87814505601496	0.317310507867624
chr1.17339644.G.A	2.9264247217792	8.56396165214558	0.317310507860233
chr1.19097071.T.C	13.9387231221928	194.288002278202	0.317310507864221
chr1.19460628.G.T	1.68493696088725	2.8390125619925	0.317310507848299
chr1.20325961.G.A	7.79107017511868	60.7007744633616	0.317310507822006
chr1.22167765.A.G	1.90555112135746	3.63112507621874	0.317310507870382
chr1.30015493.T.C	-1.68448967669044	2.83750547082179	0.317310507858235
chr1.37446788.C.T	2.48693089861594	6.18482529454469	0.317310507865028
chr1.39880101.G.A	-2.98438020167168	8.90652518839194	0.317310507870033
chr1.47010925.C.A	4.12117930467305	16.984118862441	0.317310507879662
chr1.47759624.A.G	272.108593472527	74043.0866087439	0.317310507755551
chr1.53529308.C.T	-1.77885847247949	3.16433746520039	0.317310507869668
chr1.53803200.C.G	-27.5474807722829	758.86369671388	0.317310507803792
chr1.55860667.T.C	-1.18590158058414	1.40636255887816	0.317310507870862
chr1.58422155.C.T	-3.22594464573877	10.4067188574783	0.317310507865418
chr1.60929432.C.T	4.34667149888605	18.8935531149232	0.317310507807779
chr1.61543250.G.A	4.21969853778117	17.8058557500057	0.317310507866354
chr1.62531865.A.G	-15.9720353710797	255.105913784683	0.317310507758257
chr1.62804887.A.C	-4.82131871506225	23.2451141519014	0.317310507859707
chr1.63986687.A.G	12.2602896144078	150.314701388476	0.317310507797429
chr1.69821719.C.A	2.65021456912416	7.02363726217982	0.3173105078554
chr1.72386700.G.A	-0.881460067531146	0.776971850630533	0.317310507856225
chr1.76159454.T.C	2.46032431332635	6.05319572691689	0.317310507869794
chr1.85262005.C.T	-1.25516743330532	1.57544528564301	0.317310507864871
chr1.91160584.G.A	-21.2183442678311	450.218133713301	0.317310507994645
chr1.91817503.T.C	-47.4860488534832	2254.92483346528	0.31731050762146
chr1.99610221.A.T	7.97308910226973	63.5701498291103	0.317310507849128
chr1.101377382.T.C	6.81708319886508	46.4726233267247	0.317310507792499
chr1.102216024.A.G	102.480523990883	10502.2577840059	0.317310507553257
chr1.103197038.T.C	3.71636969026882	13.8114036748667	0.317310507864981
chr1.105600504.G.T	-111.669447811832	12470.0655318467	0.317310507033333
chr1.116729807.A.G	9.43595679765232	89.0372806689291	0.317310507813366
chr1.147504327.C.T	-2.17051412751814	4.71113157810903	0.317310507881054
chr1.151785367.G.A	4.44351697337928	19.7448430943836	0.317310507883428
chr1.153350743.T.G	13.2604413368992	175.839304510835	0.317310507947528
chr1.160512729.G.A	-8.14160667707952	66.2857592611775	0.317310507778632
chr1.161251787.C.A	2.37768693370533	5.65339515494678	0.317310507872919
chr1.165250987.T.G	1.98135531922222	3.92576890126624	0.317310507878696
chr1.168766329.A.T	-5.78625992834886	33.4808039573051	0.317310507854887
chr1.173755709.T.C	4.22752602020091	17.8719762544491	0.31731050790317
chr1.175292296.G.T	7.52341557896052	56.6017819786357	0.317310507883818
chr1.178260093.C.T	-1.36373671243066	1.85977782098171	0.317310507882497
chr1.178697199.A.G	-4.36788885804822	19.0784530808587	0.317310507921217
chr1.179787504.C.T	5.03741322761419	25.3755320263151	0.317310507868375
chr1.182299075.G.A	26.2216518315299	687.575024436679	0.317310507744214
chr1.183111880.G.C	-2.98817986752966	8.9292189202819	0.317310507851325
chr1.186252898.G.A	-2.94631556696523	8.68077541976435	0.317310507852397
chr1.187303887.T.C	13.0985981896705	171.573274573514	0.317310507918023
chr1.188252978.A.G	2.4188415199583	5.85079429865584	0.317310507862157
chr1.192014728.A.C	-4.11018213469167	16.8935971782605	0.317310507833149
chr1.193474027.G.A	-31.4239076180341	987.461969682882	0.317310507788456
chr1.195541479.C.G	-3.43890148908962	11.8260434514139	0.317310507857821
chr1.195890547.C.T	2.96573057172236	8.79555782343435	0.317310507846015
chr1.196036941.C.T	2.69582971282656	7.2674978400244	0.317310507845131
chr1.196410185.C.T	1.74495453715859	3.04486633643379	0.317310507837758
chr1.199346203.A.G	148.668949590419	22102.4566519832	0.317310508735058
chr1.199581768.G.A	-1.78279945139345	3.1783738840266	0.317310507873406
chr1.201310712.C.G	-1.24084072887366	1.53968571448915	0.317310507871941
chr1.204449761.C.T	-3.33672348845523	11.133723638504	0.317310507864983
chr1.216553519.C.T	-15.7704519957652	248.707156367995	0.317310508074289
chr1.217097772.T.A	25.0730732264274	628.659001545685	0.3173105080661
chr1.219062760.A.G	-54.8633113541583	3009.98293118397	0.317310507737559
chr1.220705910.C.T	4.86118285272826	23.6310987261122	0.317310507847073
chr1.235086422.C.T	6.3154616880337	39.8850563394329	0.317310507901811
chr1.238505302.C.T	4.24362822392953	18.0083805008369	0.317310507834773
chr1.241241361.A.T	-4.89976858481041	24.0077321886053	0.317310507902326
chr1.243383652.A.C	2.60923106726046	6.8080867620906	0.31731050785344
chr1.246107211.T.C	-7.04569201922247	49.6417760256416	0.31731050784296
