SNP	SCORE	VAR	PVAL
chr1.1119172.G.A	8.69988011752459	75.6879286313343	0.317310554449023
chr1.1423343.G.T	-3.18478916711566	10.1428813734086	0.317310491984967
chr1.3522693.A.G	11.1860418412675	125.12757363532	0.317310588232748
chr1.3578156.G.A	3.41354454189384	11.6522868694719	0.317310518868421
chr1.7555849.G.A	10.4977790515115	110.203372025896	0.317310523257979
chr1.7656708.C.T	-9.82991020192456	96.6271284342205	0.317310492478097
chr1.13976665.A.G	-25.9255167547307	672.132357480598	0.317310485715712
chr1.14998146.C.T	-9.86517515618284	97.3216609872018	0.317310458447818
chr1.16141429.G.T	9.81191084273931	96.2735977594331	0.317310516341923
chr1.17339644.G.A	-7.00084453843678	49.0118192874683	0.317310483356245
chr1.19097071.T.C	-51.9636826924929	2700.22372068871	0.317310454250469
chr1.19460628.G.T	15.0959238555005	227.886939496729	0.317310531695752
chr1.20325961.G.A	7.29023024874343	53.1474608551026	0.317310525051665
chr1.22167765.A.G	5.05157595515758	25.5184207157113	0.317310518150957
chr1.30015493.T.C	-5.99932847567332	35.9919410954233	0.317310500712413
chr1.37446788.C.T	-44.0158761896661	1937.39691078326	0.317310452164758
chr1.39880101.G.A	-3.81525902007037	14.5562009475722	0.317310500504552
chr1.47010925.C.A	6.91333235322708	47.7941666069041	0.317310519915984
chr1.47759624.A.G	3.05151393705371	9.31173745309165	0.317310511632344
chr1.53529308.C.T	11.7001050869649	136.892515461379	0.317310607582519
chr1.53803200.C.G	4.92957888496027	24.3007489862105	0.31731051785176
chr1.55860667.T.C	-34.4235116182695	1184.97781779779	0.317310439592137
chr1.58422155.C.T	-7.39871989092251	54.7410532564183	0.317310495627962
chr1.60929432.C.T	-2.5469851540831	6.48713329613385	0.317310504916734
chr1.61543250.G.A	7.60374692399167	57.8169699086909	0.317310518847078
chr1.62531865.A.G	-9.03789080831644	81.6834419885465	0.317310424105411
chr1.62804887.A.C	-5.74739718405906	33.032572249058	0.317310492170309
chr1.63986687.A.G	8.72552499144167	76.1347916134284	0.317310524507582
chr1.69821719.C.A	9.55253542686462	91.2509370007975	0.317310518255732
chr1.72386700.G.A	11.0860181520724	122.899843938742	0.317310597387612
chr1.76159454.T.C	6.19688533673068	38.4013903143504	0.317310523223484
chr1.85262005.C.T	3.50115233006598	12.2580688469108	0.317310531720019
chr1.91160584.G.A	15.2522926871537	232.632440680177	0.317310516668313
chr1.91817503.T.C	-5.80358701652898	33.6816210553958	0.317310499220292
chr1.99610221.A.T	-4.40433974881729	19.3982083818901	0.317310504855192
chr1.101377382.T.C	32.2249589306291	1038.4482047332	0.317310560675628
chr1.102216024.A.G	6.746273872758	45.5122127459612	0.317310516261586
chr1.103197038.T.C	2.73544660336592	7.48266844843174	0.317310518487902
chr1.105600504.G.T	-8.22691687571446	67.6821568695881	0.317310492095538
chr1.116729807.A.G	-3.04602030221701	9.2782394977081	0.317310503069261
chr1.147504327.C.T	-10.0156001507534	100.312238254435	0.317310488263179
chr1.151785367.G.A	5.46090910003	29.8215302534365	0.317310524534232
chr1.153350743.T.G	-6.19182028384851	38.3386327057661	0.317310471750864
chr1.160512729.G.A	7.43123376638929	55.2232394861907	0.317310526246118
chr1.161251787.C.A	-2.87709841788161	8.27769498220566	0.3173104983927
chr1.165250987.T.G	9.66364394481219	93.3860210153158	0.317310525283296
chr1.168766329.A.T	-7.40597337585767	54.8484384242928	0.31731049365916
chr1.173755709.T.C	4.04956767339533	16.3990015330605	0.317310554956417
chr1.175292296.G.T	-2.74721758814307	7.54720411173996	0.317310496165062
chr1.178260093.C.T	-5.18112440274732	26.8440482521231	0.317310491415888
chr1.178697199.A.G	-21.6208742769799	467.46178453054	0.317310290475082
chr1.179787504.C.T	-6.44555599265339	41.5451898274083	0.317310494892121
chr1.182299075.G.A	2.6817049401331	7.19154176591761	0.317310520648051
chr1.183111880.G.C	-12.6102201360493	159.017641265011	0.317310491711089
chr1.186252898.G.A	15.8773503846066	252.090275645747	0.317310527453777
chr1.187303887.T.C	-6.21193216509717	38.5880985543669	0.317310491124149
chr1.188252978.A.G	-324.706667910213	105434.030384637	0.317309613273311
chr1.192014728.A.C	2.74386766222278	7.52880988860939	0.317310512388691
chr1.193474027.G.A	4.21045420706864	17.7279247790261	0.31731050989942
chr1.195541479.C.G	4.3753204186222	19.1434289411046	0.317310510081116
chr1.195890547.C.T	376.364739092786	141650.777241701	0.317311123522192
chr1.196036941.C.T	-11.239262948352	126.32102538907	0.317310495923218
chr1.196410185.C.T	-3.08302237766698	9.50502639232739	0.317310492872025
chr1.199346203.A.G	-3.72671473183134	13.8884017179556	0.317310490884805
chr1.199581768.G.A	994.811635523643	989655.040530568	0.317311693778519
chr1.201310712.C.G	-3.83560993892848	14.7119025915146	0.317310491216753
chr1.204449761.C.T	-3.18867755378544	10.1676642409165	0.317310500697351
chr1.216553519.C.T	-15.5403146287851	241.501267726926	0.317310396612393
chr1.217097772.T.A	-6.73930579164533	45.4182389268915	0.317310488542797
chr1.219062760.A.G	-8.84640046370017	78.258796932567	0.317310494779142
chr1.220705910.C.T	-7.21962258861594	52.1229474339545	0.317310494455472
chr1.235086422.C.T	-6.33387246794861	40.1179392860695	0.317310500901569
chr1.238505302.C.T	4.26180917534365	18.1630190722292	0.317310529513908
chr1.241241361.A.T	2.58762256769921	6.69579081173873	0.31731051721798
chr1.243383652.A.C	3.35754307349634	11.2730959991591	0.317310518783505
chr1.246107211.T.C	3.42900267392552	11.7580596430054	0.317310514144018
