SNP	SCORE	VAR	PVAL
chr1:1119172:G:A	0.947443	4.37733	0.650661
chr1:1423343:G:T	0.27749	5.70088	0.907479
chr1:3522693:A:G	-2.94449	5.72234	0.218359
chr1:3578156:G:A	0.0449407	7.22691	0.986662
chr1:7555849:G:A	-4.65627	14.1629	0.215989
chr1:7656708:C:T	1.84316	14.3943	0.627101
chr1:13976665:A:G	-4.51549	16.1516	0.261199
chr1:14998146:C:T	2.26567	3.67912	0.237523
chr1:16141429:G:T	1.52409	16.7314	0.709445
chr1:17339644:G:A	4.22306	6.54996	0.0989245
chr1:19097071:T:C	7.50697	14.1924	0.046297
chr1:19460628:G:T	-0.938641	10.5184	0.772262
chr1:20325961:G:A	-2.71431	10.0377	0.391596
chr1:22167765:A:G	3.33852	9.23129	0.27185
chr1:30015493:T:C	-1.79249	13.8346	0.629863
chr1:37446788:C:T	-3.5092	13.555	0.340518
chr1:39880101:G:A	-2.28255	9.37659	0.456022
chr1:47010925:C:A	-2.46709	12.074	0.477703
chr1:47759624:A:G	1.06672	16.1006	0.790358
chr1:53529308:C:T	0.943796	3.25172	0.600706
chr1:53803200:C:G	0.231402	9.40781	0.939862
chr1:55860667:T:C	-0.00120417	8.46205	0.99967
chr1:58422155:C:T	-5.97939	11.1078	0.0727993
chr1:60929432:C:T	-1.25879	13.8553	0.735229
chr1:61543250:G:A	-3.30585	14.2293	0.380824
chr1:62531865:A:G	2.85513	2.44215	0.0676992
chr1:62804887:A:C	-1.75291	8.00457	0.53554
chr1:63986687:A:G	-5.30818	9.17787	0.0797459
chr1:69821719:C:A	-0.986683	13.2267	0.786159
chr1:72386700:G:A	2.86686	4.52109	0.177564
chr1:76159454:T:C	1.60502	8.48165	0.581557
chr1:85262005:C:T	-1.92883	3.34876	0.29187
chr1:91160584:G:A	1.90642	14.9144	0.621557
chr1:91817503:T:C	0.360125	13.7457	0.92262
chr1:99610221:A:T	-1.73932	14.9496	0.652821
chr1:101377382:T:C	-9.84384	12.0613	0.00459059
chr1:102216024:A:G	-0.589636	12.5786	0.867958
chr1:103197038:T:C	2.96591	6.46669	0.243485
chr1:105600504:G:T	0.935693	12.3718	0.790223
chr1:116729807:A:G	2.20354	12.3796	0.531133
chr1:147504327:C:T	3.26377	8.52725	0.263706
chr1:151785367:G:A	6.17061	5.85085	0.01074
chr1:153350743:T:G	-1.56546	4.46186	0.458626
chr1:160512729:G:A	-2.13892	10.9003	0.517081
chr1:161251787:C:A	-2.22243	7.23767	0.408752
chr1:165250987:T:G	-1.45907	10.3596	0.650318
chr1:168766329:A:T	2.95734	12.8263	0.408944
chr1:173755709:T:C	-0.219542	1.42213	0.853937
chr1:175292296:G:T	-0.899977	8.30753	0.754854
chr1:178260093:C:T	-3.29714	6.00918	0.178618
chr1:178697199:A:G	1.30129	1.94998	0.351401
chr1:179787504:C:T	3.23619	11.4449	0.338772
chr1:182299075:G:A	-3.17407	4.46237	0.132951
chr1:183111880:G:C	1.94468	14.0878	0.604378
chr1:186252898:G:A	-0.913613	16.4409	0.82173
chr1:187303887:T:C	-1.43084	11.2539	0.669728
chr1:188252978:A:G	0.311833	9.88488	0.920993
chr1:192014728:A:C	-1.91287	13.722	0.605583
chr1:193474027:G:A	-5.51269	11.5963	0.105482
chr1:195541479:C:G	4.89319	14.8614	0.204335
chr1:195890547:C:T	1.65737	10.7778	0.61367
chr1:196036941:C:T	-2.58991	13.4157	0.479509
chr1:196410185:C:T	-3.91287	4.86081	0.0759369
chr1:199346203:A:G	-0.631044	4.53176	0.7669
chr1:199581768:G:A	-1.68744	13.864	0.650408
chr1:201310712:C:G	-1.3025	5.96411	0.593799
chr1:204449761:C:T	-0.592301	9.26622	0.845724
chr1:216553519:C:T	-2.98572	4.71268	0.169021
chr1:217097772:T:A	3.58652	8.88255	0.228828
chr1:219062760:A:G	-2.55388	13.9412	0.493981
chr1:220705910:C:T	-0.453738	12.491	0.897846
chr1:235086422:C:T	7.85166	14.6926	0.0405221
chr1:238505302:C:T	-3.97407	4.85144	0.0711899
chr1:241241361:A:T	-3.42115	6.11359	0.166467
chr1:243383652:A:C	-3.97822	6.63859	0.122585
chr1:246107211:T:C	2.17451	11.2003	0.515853
